Reading input dataset: stat.nii 
Reading input dataset: stat.nii 
Reading volume #0 
Number of volumes = 1 

Maxima for Volume #0 (Coordinates Order = RAI): 
Index      Intensity    RL[mm]    AP[mm]    IS[mm]     Count  Dist[mm]
-----      ---------    ------    ------    ------     -----  --------
    1         10.000      8.00    -24.00     36.00         3    10.770
    2         10.000      6.00     48.00     24.00         1    14.000
    3          9.000      2.00     62.00     52.00         2    13.416
    4          9.000     -2.00     34.00     32.00         1    10.770
    5          9.000    -44.00     64.00     32.00         2    17.550
    6          8.000    -44.00     46.00     42.00         4    14.560
    7          8.000      4.00    -24.00     26.00         1    10.770
    8          8.000     26.00     18.00     -4.00         2    12.000
    9          8.000     26.00     30.00     -4.00         1    12.000
   10          8.000    -22.00     16.00    -26.00         1    12.329
   11          7.000      0.00      2.00     56.00         1    10.198
   12          7.000     26.00     70.00     50.00         1    13.416
   13          7.000    -34.00     -2.00     48.00         2    12.329
   14          7.000     16.00     74.00     42.00         2    13.416
   15          7.000     40.00     52.00     40.00         2    10.954
   16          7.000    -32.00     54.00     40.00         1    14.560
   17          7.000      4.00     18.00     18.00         1    17.088
   18          7.000    -26.00     26.00    -20.00         2    12.329
   19          6.000     10.00      2.00     58.00         2    10.198
   20          6.000     28.00     12.00     56.00         2    20.199
   21          6.000    -38.00     36.00     54.00         1    16.733
   22          6.000    -44.00     -8.00     52.00         1    12.329
   23          6.000     -8.00     -8.00     50.00         1    13.416
   24          6.000     48.00     44.00     50.00         1    12.806
   25          6.000     -8.00     58.00     44.00         2    13.416
   26          6.000    -44.00    -16.00     40.00         1    13.115
   27          6.000     48.00     -2.00     40.00         2    15.748
   28          6.000     50.00     48.00     38.00         1    10.954
   29          6.000    -16.00     44.00     32.00         1    10.392
   30          6.000     -2.00     70.00     30.00         1    18.111
   31          6.000    -26.00    -44.00     28.00         2    18.000
   32          6.000     10.00      4.00     28.00         3    17.550
   33          6.000     22.00    -38.00     26.00         2    10.000
   34          6.000     42.00     -6.00     26.00         2    10.000
   35          6.000    -10.00     38.00     26.00         1    10.392
   36          6.000    -18.00     56.00     26.00         2    13.565
   37          6.000     34.00     16.00      8.00         1    14.560
   38          6.000    -18.00    -14.00     -2.00         2    16.613
   39          6.000     42.00     30.00     -2.00         2    16.125
   40          6.000     12.00    -60.00     -8.00         1    12.329
   41          6.000    -48.00     -8.00     -8.00         1    12.000
   42          6.000     16.00      6.00    -14.00         1    11.489
   43          6.000     18.00     14.00    -22.00         1    11.489
   44          6.000     28.00     28.00    -22.00         1    17.205
   45          5.000     28.00    -24.00     52.00         1    16.248
   46          5.000    -16.00     20.00     42.00         2    14.283
   47          5.000     36.00    -26.00     38.00         1    16.248
   48          5.000     50.00     14.00     36.00         1    16.613
   49          5.000      4.00     24.00     34.00         2    11.832
   50          5.000    -38.00    -30.00     32.00         2    17.205
   51          5.000     26.00     46.00     32.00         2    17.205
   52          5.000    -10.00    -52.00     26.00         1    10.770
   53          5.000     18.00    -14.00     26.00         1    12.649
   54          5.000     30.00    -14.00     22.00         2    10.198
   55          5.000    -42.00     18.00     20.00         1    10.000
   56          5.000     -4.00    -56.00     18.00         1    10.770
   57          5.000     32.00    -38.00     18.00         2    11.832
   58          5.000     46.00     34.00     16.00         1    18.868
   59          5.000     24.00    -12.00     14.00         1    10.198
   60          5.000     36.00     56.00     14.00         2    22.891
   61          5.000     30.00    -24.00     12.00         1    13.565
   62          5.000    -48.00     22.00     12.00         1    10.770
   63          5.000      8.00    -56.00     10.00         1    14.422
   64          5.000    -34.00     -8.00     -4.00         1    10.392
   65          5.000     48.00     -4.00     -6.00         1    10.000
   66          5.000    -42.00     36.00     -6.00         1    21.909
   67          5.000     22.00    -54.00    -12.00         1    12.329
   68          5.000     60.00     38.00    -12.00         1    10.770
   69          5.000    -50.00      8.00    -16.00         1    13.416
   70          4.000     10.00     22.00     68.00         1    12.806
   71          4.000    -16.00     36.00     64.00         2    22.091
   72          4.000      8.00     14.00     54.00         1    12.806
   73          4.000    -52.00     22.00     44.00         1    18.868
   74          4.000    -30.00     22.00     44.00         1    13.266
   75          4.000     52.00     32.00     38.00         1    16.125
   76          4.000      6.00     48.00     38.00         1    14.000
   77          4.000     22.00    -38.00     36.00         1    10.000
   78          4.000    -18.00    -26.00     36.00         1    13.416
   79          4.000     -2.00     -6.00     36.00         1    14.000
   80          4.000    -34.00    -10.00     34.00         1    13.115
   81          4.000    -56.00     10.00     30.00         1    10.198
   82          4.000    -36.00     18.00     28.00         2    10.000
   83          4.000     16.00     70.00     28.00         1    14.560
   84          4.000    -38.00    -16.00     22.00         3    14.000
   85          4.000    -38.00     -2.00     20.00         1    14.142
   86          4.000     36.00     -6.00     18.00         2    10.000
   87          4.000    -10.00     46.00     14.00         1    14.422
   88          4.000    -54.00     12.00      8.00         1    12.329
   89          4.000    -62.00     22.00      4.00         3    12.806
   90          4.000    -64.00     34.00      0.00         1    12.806
   91          4.000    -34.00     56.00     -2.00         1    14.697
   92          4.000     38.00    -26.00     -4.00         1    16.248
   93          4.000     40.00    -10.00     -6.00         1    10.000
   94          4.000    -48.00     58.00     -6.00         1    14.697
   95          4.000     34.00      6.00     -8.00         1    14.967
   96          4.000    -62.00     20.00    -10.00         1    14.142
   97          4.000    -40.00      0.00    -12.00         2    12.000
   98          4.000     56.00     32.00    -20.00         1    10.770
   99          3.000     12.00     10.00     72.00         1    12.806
  100          3.000     28.00     48.00     62.00         1    23.664
  101          3.000    -26.00     18.00     56.00         1    13.266
  102          3.000     14.00     18.00     42.00         1    14.000
  103          3.000     -8.00    -18.00     32.00         1    13.416
  104          3.000    -48.00      4.00     28.00         1    10.198
  105          3.000    -28.00     16.00     16.00         1    14.560
  106          3.000    -48.00     54.00     16.00         1    19.287
  107          3.000     30.00    -48.00     12.00         1    11.832
  108          3.000     10.00     68.00     12.00         2    17.205
  109          3.000     12.00     36.00     10.00         1    19.391
  110          3.000    -32.00    -10.00      6.00         2    10.392
  111          3.000     -6.00     72.00      4.00         1    18.330
  112          3.000     36.00    -42.00      0.00         1    14.697
  113          3.000      8.00     -2.00     -2.00         1    16.492
  114          3.000    -26.00      4.00     -4.00         2    12.961
  115          3.000    -12.00     18.00     -4.00         1    16.733
  116          3.000     24.00     82.00     -4.00         1    22.361
  117          3.000    -18.00      6.00    -14.00         2    12.961
  118          3.000     18.00    -24.00    -18.00         2    24.495
  119          3.000    -22.00    -22.00    -20.00         2    18.868
  120          3.000     64.00     16.00    -22.00         2    14.967
  121          3.000    -54.00    -16.00    -28.00         1    22.361
  122          3.000     -4.00     26.00    -30.00         1    20.976
  123          3.000     16.00     58.00    -32.00         1    33.823
  124          2.000      0.00    -18.00     54.00         1    13.416
  125          2.000     54.00     20.00     52.00         2    17.550
  126          2.000    -14.00    -48.00      8.00         2    16.248
  127          2.000    -46.00    -32.00     -4.00         1    24.413
  128          2.000    -18.00    -36.00     -8.00         1    18.868
  129          2.000     52.00     20.00    -14.00         1    14.000
  130          2.000     14.00     94.00    -20.00         1    22.361
  131          2.000    -52.00     46.00    -34.00         1    30.725
